cosine
0.0;0.026131591227251515
0.001;0.02660332541567696
0.002;0.027661150901457147
0.003;0.028747433264887063
0.004;0.029692470837751853
0.005;0.030360531309297913
0.006;0.031232571109871727
0.007;0.032036613272311214
0.008;0.033009136457412325
0.009000000000000001;0.03375527426160338
0.010000000000000002;0.03477180999689537
0.011000000000000003;0.035691523263224986
0.012000000000000004;0.03690280065897858
0.013000000000000005;0.037991858887381276
0.014000000000000005;0.0388619014573213
0.015000000000000006;0.03991446899501069
0.016000000000000007;0.040965618141916606
0.017000000000000008;0.04220045214770158
0.01800000000000001;0.043209876543209874
0.01900000000000001;0.04442681475604919
0.02000000000000001;0.0453257790368272
0.02100000000000001;0.046550290939318374
0.022000000000000013;0.04792468977321353
0.023000000000000013;0.0493174812857772
0.024000000000000014;0.05047318611987382
0.025000000000000015;0.05170821791320406
0.026000000000000016;0.05278039585296889
0.027000000000000017;0.05402797877472263
0.028000000000000018;0.05530864197530864
0.02900000000000002;0.05714285714285715
0.03000000000000002;0.05879265091863516
0.03100000000000002;0.060085836909871244
0.03200000000000002;0.06194690265486725
0.03300000000000002;0.0631697687535251
0.03400000000000002;0.06459054209919263
0.035000000000000024;0.06623299822590183
0.036000000000000025;0.06706586826347306
0.037000000000000026;0.06825106642291286
0.03800000000000003;0.06991260923845193
0.03900000000000003;0.0713375796178344
0.04000000000000003;0.07277452891487979
0.04100000000000003;0.0743198407431984
0.04200000000000003;0.07562457798784605
0.04300000000000003;0.07708189951823813
0.04400000000000003;0.07881773399014778
0.04500000000000003;0.08080808080808081
0.046000000000000034;0.08296296296296296
0.047000000000000035;0.08536585365853658
0.048000000000000036;0.08743169398907102
0.04900000000000004;0.08881839809674862
0.05000000000000004;0.09068825910931175
0.05100000000000004;0.09195402298850576
0.05200000000000004;0.093255620316403
0.05300000000000004;0.09540034071550255
0.05400000000000004;0.09646856158484066
0.05500000000000004;0.09859154929577466
0.05600000000000004;0.10062893081761005
0.057000000000000044;0.10181818181818182
0.058000000000000045;0.10341643582640812
0.059000000000000045;0.10576015108593013
0.060000000000000046;0.10758885686839578
0.06100000000000005;0.1108910891089109
0.06200000000000005;0.11267605633802817
0.06300000000000004;0.11475409836065573
0.06400000000000004;0.11630321910695741
0.06500000000000004;0.11851851851851852
0.06600000000000004;0.12043010752688173
0.06700000000000005;0.12240437158469944
0.06800000000000005;0.12541993281075028
0.06900000000000005;0.12655367231638417
0.07000000000000005;0.12903225806451613
0.07100000000000005;0.13176470588235295
0.07200000000000005;0.13365155131264916
0.07300000000000005;0.13592233009708737
0.07400000000000005;0.13793103448275862
0.07500000000000005;0.14052697616060225
0.07600000000000005;0.1430395913154534
0.07700000000000005;0.144702842377261
0.07800000000000006;0.1471747700394218
0.07900000000000006;0.14933333333333332
0.08000000000000006;0.15155615696887687
0.08100000000000006;0.15300546448087432
0.08200000000000006;0.15598885793871867
0.08300000000000006;0.1590909090909091
0.08400000000000006;0.16231884057971016
0.08500000000000006;0.16519174041297935
0.08600000000000006;0.1686746987951807
0.08700000000000006;0.17177914110429446
0.08800000000000006;0.17418351477449456
0.08900000000000007;0.1758241758241758
0.09000000000000007;0.1792
0.09100000000000007;0.18241042345276873
0.09200000000000007;0.1845140032948929
0.09300000000000007;0.1888701517706577
0.09400000000000007;0.19145299145299147
0.09500000000000007;0.19343696027633853
0.09600000000000007;0.1958041958041958
0.09700000000000007;0.19753086419753085
0.09800000000000007;0.19858156028368792
0.09900000000000007;0.20326678765880218
0.10000000000000007;0.2058823529411765
0.10100000000000008;0.20934579439252338
0.10200000000000008;0.21132075471698114
0.10300000000000008;0.21663442940038682
0.10400000000000008;0.2196078431372549
0.10500000000000008;0.22266401590457255
0.10600000000000008;0.2248995983935743
0.10700000000000008;0.22997946611909653
0.10800000000000008;0.23045267489711932
0.10900000000000008;0.23188405797101452
0.11000000000000008;0.23529411764705882
0.11100000000000008;0.23529411764705882
0.11200000000000009;0.23779193205944799
0.11300000000000009;0.23982869379014987
0.11400000000000009;0.2424242424242424
0.11500000000000009;0.2434782608695652
0.11600000000000009;0.24561403508771928
0.11700000000000009;0.24719101123595502
0.11800000000000009;0.24886877828054302
0.11900000000000009;0.2465753424657534
0.12000000000000009;0.2494226327944573
0.1210000000000001;0.2529274004683841
0.1220000000000001;0.25471698113207547
0.1230000000000001;0.25238095238095243
0.1240000000000001;0.25419664268585135
0.12500000000000008;0.2630272952853598
0.12600000000000008;0.26700251889168763
0.12700000000000009;0.26972010178117045
0.12800000000000009;0.26735218508997427
0.1290000000000001;0.27012987012987016
0.1300000000000001;0.2715404699738903
0.1310000000000001;0.27296587926509186
0.1320000000000001;0.2773333333333333
0.1330000000000001;0.28032345013477084
0.1340000000000001;0.28571428571428575
0.1350000000000001;0.28895184135977336
0.1360000000000001;0.2849002849002849
0.1370000000000001;0.2873563218390805
0.1380000000000001;0.29325513196480935
0.1390000000000001;0.29761904761904767
0.1400000000000001;0.3012048192771084
0.1410000000000001;0.3058103975535168
0.1420000000000001;0.30864197530864196
0.1430000000000001;0.3134796238244514
0.1440000000000001;0.32051282051282054
0.1450000000000001;0.3215434083601286
0.1460000000000001;0.3181818181818182
0.1470000000000001;0.32131147540983607
0.1480000000000001;0.32558139534883723
0.1490000000000001;0.32775919732441466
0.1500000000000001;0.3288590604026845
0.1510000000000001;0.3254237288135593
0.1520000000000001;0.32081911262798635
0.1530000000000001;0.3172413793103448
0.1540000000000001;0.31833910034602075
0.1550000000000001;0.32280701754385965
0.1560000000000001;0.323943661971831
0.1570000000000001;0.3202846975088968
0.1580000000000001;0.32142857142857145
0.1590000000000001;0.3249097472924188
0.16000000000000011;0.3296703296703296
0.16100000000000012;0.3333333333333333
0.16200000000000012;0.3358208955223881
0.16300000000000012;0.3358208955223881
0.16400000000000012;0.33962264150943394
0.16500000000000012;0.3448275862068965
0.16600000000000012;0.34749034749034746
0.16700000000000012;0.34374999999999994
0.16800000000000012;0.34374999999999994
0.16900000000000012;0.3412698412698413
0.17000000000000012;0.3426294820717132
0.17100000000000012;0.34677419354838707
0.17200000000000013;0.3481781376518219
0.17300000000000013;0.34426229508196726
0.17400000000000013;0.34426229508196726
0.17500000000000013;0.34567901234567905
0.17600000000000013;0.3485477178423237
0.17700000000000013;0.3485477178423237
0.17800000000000013;0.3485477178423237
0.17900000000000013;0.3261802575107296
0.18000000000000013;0.3275862068965517
0.18100000000000013;0.33043478260869563
0.18200000000000013;0.336283185840708
0.18300000000000013;0.3408071748878923
0.18400000000000014;0.3438914027149321
0.18500000000000014;0.3438914027149321
0.18600000000000014;0.3378995433789954
0.18700000000000014;0.3410138248847926
0.18800000000000014;0.34259259259259256
0.18900000000000014;0.3441860465116279
0.19000000000000014;0.34579439252336447
0.19100000000000014;0.35238095238095235
0.19200000000000014;0.354066985645933
0.19300000000000014;0.3609756097560976
0.19400000000000014;0.35294117647058826
0.19500000000000015;0.35294117647058826
0.19600000000000015;0.35294117647058826
0.19700000000000015;0.3517587939698492
0.19800000000000015;0.35051546391752575
0.19900000000000015;0.35051546391752575
0.20000000000000015;0.35233160621761656
0.20100000000000015;0.3541666666666667
0.20200000000000015;0.3560209424083769
0.20300000000000015;0.3560209424083769
0.20400000000000015;0.3560209424083769
0.20500000000000015;0.35978835978835977
0.20600000000000016;0.3422459893048128
0.20700000000000016;0.34408602150537637
0.20800000000000016;0.34594594594594597
0.20900000000000016;0.34972677595628415
0.21000000000000016;0.3425414364640884
0.21100000000000016;0.3276836158192091
0.21200000000000016;0.3333333333333333
0.21300000000000016;0.3236994219653179
0.21400000000000016;0.32558139534883723
0.21500000000000016;0.32748538011695905
0.21600000000000016;0.32748538011695905
0.21700000000000016;0.33136094674556216
0.21800000000000017;0.33532934131736525
0.21900000000000017;0.3373493975903614
0.22000000000000017;0.3393939393939394
0.22100000000000017;0.3414634146341463
0.22200000000000017;0.3435582822085889
0.22300000000000017;0.3435582822085889
0.22400000000000017;0.34567901234567905
0.22500000000000017;0.34567901234567905
0.22600000000000017;0.3522012578616352
0.22700000000000017;0.3522012578616352
0.22800000000000017;0.34615384615384615
0.22900000000000018;0.33548387096774196
0.23000000000000018;0.33548387096774196
0.23100000000000018;0.3421052631578947
0.23200000000000018;0.3421052631578947
0.23300000000000018;0.34437086092715236
0.23400000000000018;0.34899328859060397
0.23500000000000018;0.3424657534246575
0.23600000000000018;0.34482758620689663
0.23700000000000018;0.3496503496503497
0.23800000000000018;0.3380281690140845
0.23900000000000018;0.3404255319148936
0.24000000000000019;0.3404255319148936
0.2410000000000002;0.34285714285714286
0.2420000000000002;0.34285714285714286
0.2430000000000002;0.3453237410071942
0.2440000000000002;0.33576642335766416
0.2450000000000002;0.33576642335766416
0.2460000000000002;0.33576642335766416
0.2470000000000002;0.33576642335766416
0.2480000000000002;0.338235294117647
0.2490000000000002;0.32835820895522383
0.25000000000000017;0.33082706766917286
0.25100000000000017;0.33082706766917286
0.25200000000000017;0.3181818181818182
0.25300000000000017;0.3181818181818182
0.25400000000000017;0.3181818181818182
0.25500000000000017;0.3181818181818182
0.25600000000000017;0.3181818181818182
0.2570000000000002;0.3206106870229008
0.2580000000000002;0.3230769230769231
0.2590000000000002;0.3230769230769231
0.2600000000000002;0.32812499999999994
0.2610000000000002;0.32
0.2620000000000002;0.3225806451612903
0.2630000000000002;0.32520325203252026
0.2640000000000002;0.3305785123966942
0.2650000000000002;0.3305785123966942
0.2660000000000002;0.3166666666666667
0.2670000000000002;0.319327731092437
0.2680000000000002;0.3050847457627119
0.2690000000000002;0.3076923076923077
0.2700000000000002;0.29310344827586204
0.2710000000000002;0.28070175438596495
0.2720000000000002;0.2831858407079646
0.2730000000000002;0.2857142857142857
0.2740000000000002;0.28828828828828823
0.2750000000000002;0.2909090909090909
0.2760000000000002;0.2935779816513761
0.2770000000000002;0.2935779816513761
0.2780000000000002;0.2935779816513761
0.2790000000000002;0.2935779816513761
0.2800000000000002;0.2935779816513761
0.2810000000000002;0.2935779816513761
0.2820000000000002;0.29629629629629634
0.2830000000000002;0.29629629629629634
0.2840000000000002;0.29906542056074764
0.2850000000000002;0.29906542056074764
0.2860000000000002;0.29906542056074764
0.2870000000000002;0.3047619047619047
0.2880000000000002;0.3047619047619047
0.2890000000000002;0.30769230769230765
0.2900000000000002;0.3106796116504854
0.2910000000000002;0.3137254901960784
0.2920000000000002;0.3137254901960784
0.2930000000000002;0.3137254901960784
0.2940000000000002;0.32
0.2950000000000002;0.32
0.2960000000000002;0.32
0.2970000000000002;0.32
0.2980000000000002;0.3232323232323232
0.2990000000000002;0.32653061224489793
0.3000000000000002;0.32653061224489793
0.3010000000000002;0.32653061224489793
0.3020000000000002;0.32653061224489793
0.3030000000000002;0.31250000000000006
0.3040000000000002;0.31578947368421056
0.3050000000000002;0.3191489361702127
0.3060000000000002;0.3225806451612903
0.3070000000000002;0.3225806451612903
0.3080000000000002;0.3225806451612903
0.3090000000000002;0.3225806451612903
0.3100000000000002;0.3225806451612903
0.3110000000000002;0.3225806451612903
0.3120000000000002;0.32967032967032966
0.3130000000000002;0.33707865168539325
0.3140000000000002;0.3218390804597701
0.3150000000000002;0.3218390804597701
0.3160000000000002;0.32558139534883723
0.3170000000000002;0.32558139534883723
0.3180000000000002;0.32558139534883723
0.31900000000000023;0.3058823529411765
0.32000000000000023;0.3058823529411765
0.32100000000000023;0.2857142857142857
0.32200000000000023;0.2857142857142857
0.32300000000000023;0.2857142857142857
0.32400000000000023;0.2891566265060241
0.32500000000000023;0.2891566265060241
0.32600000000000023;0.2891566265060241
0.32700000000000023;0.2891566265060241
0.32800000000000024;0.2891566265060241
0.32900000000000024;0.2891566265060241
0.33000000000000024;0.2891566265060241
0.33100000000000024;0.2891566265060241
0.33200000000000024;0.2962962962962962
0.33300000000000024;0.2962962962962962
0.33400000000000024;0.3
0.33500000000000024;0.3
0.33600000000000024;0.30379746835443033
0.33700000000000024;0.30379746835443033
0.33800000000000024;0.30379746835443033
0.33900000000000025;0.30379746835443033
0.34000000000000025;0.30379746835443033
0.34100000000000025;0.28205128205128205
0.34200000000000025;0.2597402597402597
0.34300000000000025;0.2631578947368421
0.34400000000000025;0.2631578947368421
0.34500000000000025;0.2631578947368421
0.34600000000000025;0.2631578947368421
0.34700000000000025;0.2631578947368421
0.34800000000000025;0.2631578947368421
0.34900000000000025;0.2631578947368421
0.35000000000000026;0.2631578947368421
0.35100000000000026;0.26666666666666666
0.35200000000000026;0.26666666666666666
0.35300000000000026;0.273972602739726
0.35400000000000026;0.273972602739726
0.35500000000000026;0.273972602739726
0.35600000000000026;0.273972602739726
0.35700000000000026;0.273972602739726
0.35800000000000026;0.2777777777777778
0.35900000000000026;0.2777777777777778
0.36000000000000026;0.2777777777777778
0.36100000000000027;0.2777777777777778
0.36200000000000027;0.2777777777777778
0.36300000000000027;0.2777777777777778
0.36400000000000027;0.2777777777777778
0.36500000000000027;0.2777777777777778
0.36600000000000027;0.2777777777777778
0.36700000000000027;0.28169014084507044
0.36800000000000027;0.28169014084507044
0.36900000000000027;0.28169014084507044
0.3700000000000003;0.28169014084507044
0.3710000000000003;0.28169014084507044
0.3720000000000003;0.28169014084507044
0.3730000000000003;0.28169014084507044
0.3740000000000003;0.28169014084507044
0.3750000000000003;0.28169014084507044
0.3760000000000003;0.28169014084507044
0.3770000000000003;0.28169014084507044
0.3780000000000003;0.28169014084507044
0.3790000000000003;0.26086956521739135
0.3800000000000003;0.26086956521739135
0.3810000000000003;0.26086956521739135
0.3820000000000003;0.26086956521739135
0.3830000000000003;0.26086956521739135
0.3840000000000003;0.26086956521739135
0.3850000000000003;0.26086956521739135
0.3860000000000003;0.26086956521739135
0.3870000000000003;0.23529411764705882
0.3880000000000003;0.208955223880597
0.3890000000000003;0.208955223880597
0.3900000000000003;0.208955223880597
0.3910000000000003;0.208955223880597
0.3920000000000003;0.208955223880597
0.3930000000000003;0.208955223880597
0.3940000000000003;0.208955223880597
0.3950000000000003;0.208955223880597
0.3960000000000003;0.208955223880597
0.3970000000000003;0.208955223880597
0.3980000000000003;0.208955223880597
0.3990000000000003;0.208955223880597
0.4000000000000003;0.208955223880597
0.4010000000000003;0.208955223880597
0.4020000000000003;0.208955223880597
0.4030000000000003;0.208955223880597
0.4040000000000003;0.208955223880597
0.4050000000000003;0.208955223880597
0.4060000000000003;0.208955223880597
0.4070000000000003;0.21212121212121213
0.4080000000000003;0.21212121212121213
0.4090000000000003;0.21212121212121213
0.4100000000000003;0.21212121212121213
0.4110000000000003;0.21212121212121213
0.4120000000000003;0.21212121212121213
0.4130000000000003;0.21212121212121213
0.4140000000000003;0.21212121212121213
0.4150000000000003;0.21212121212121213
0.4160000000000003;0.21212121212121213
0.4170000000000003;0.21212121212121213
0.4180000000000003;0.21212121212121213
0.4190000000000003;0.21212121212121213
0.4200000000000003;0.2153846153846154
0.4210000000000003;0.2153846153846154
0.4220000000000003;0.2153846153846154
0.4230000000000003;0.21875
0.4240000000000003;0.21875
0.4250000000000003;0.21875
0.4260000000000003;0.21875
0.4270000000000003;0.21875
0.4280000000000003;0.21875
0.4290000000000003;0.21875
0.4300000000000003;0.21875
0.4310000000000003;0.21875
0.43200000000000033;0.21875
0.43300000000000033;0.21875
0.43400000000000033;0.21875
0.43500000000000033;0.21875
0.43600000000000033;0.21875
0.43700000000000033;0.21875
0.43800000000000033;0.2222222222222222
0.43900000000000033;0.19354838709677416
0.44000000000000034;0.19354838709677416
0.44100000000000034;0.19354838709677416
0.44200000000000034;0.19354838709677416
0.44300000000000034;0.19354838709677416
0.44400000000000034;0.19354838709677416
0.44500000000000034;0.1639344262295082
0.44600000000000034;0.13333333333333333
0.44700000000000034;0.13333333333333333
0.44800000000000034;0.13333333333333333
0.44900000000000034;0.13333333333333333
0.45000000000000034;0.13333333333333333
0.45100000000000035;0.13333333333333333
0.45200000000000035;0.13333333333333333
0.45300000000000035;0.13333333333333333
0.45400000000000035;0.13333333333333333
0.45500000000000035;0.13333333333333333
0.45600000000000035;0.13333333333333333
0.45700000000000035;0.13333333333333333
0.45800000000000035;0.13333333333333333
0.45900000000000035;0.13333333333333333
0.46000000000000035;0.13333333333333333
0.46100000000000035;0.13333333333333333
0.46200000000000035;0.13333333333333333
0.46300000000000036;0.13333333333333333
0.46400000000000036;0.13333333333333333
0.46500000000000036;0.13333333333333333
0.46600000000000036;0.13333333333333333
0.46700000000000036;0.13333333333333333
0.46800000000000036;0.13333333333333333
0.46900000000000036;0.13333333333333333
0.47000000000000036;0.13333333333333333
0.47100000000000036;0.13333333333333333
0.47200000000000036;0.13333333333333333
0.47300000000000036;0.13333333333333333
0.47400000000000037;0.13333333333333333
0.47500000000000037;0.13333333333333333
0.47600000000000037;0.13333333333333333
0.47700000000000037;0.13333333333333333
0.47800000000000037;0.13333333333333333
0.47900000000000037;0.13333333333333333
0.48000000000000037;0.13333333333333333
0.48100000000000037;0.13333333333333333
0.4820000000000004;0.13333333333333333
0.4830000000000004;0.13333333333333333
0.4840000000000004;0.13333333333333333
0.4850000000000004;0.13333333333333333
0.4860000000000004;0.13333333333333333
0.4870000000000004;0.13333333333333333
0.4880000000000004;0.13333333333333333
0.4890000000000004;0.10169491525423728
0.4900000000000004;0.10169491525423728
0.4910000000000004;0.10169491525423728
0.4920000000000004;0.10169491525423728
0.4930000000000004;0.10169491525423728
0.4940000000000004;0.10169491525423728
0.4950000000000004;0.10169491525423728
0.4960000000000004;0.10169491525423728
0.4970000000000004;0.10169491525423728
0.4980000000000004;0.10169491525423728
0.4990000000000004;0.10169491525423728
0.5000000000000003;0.10169491525423728
0.5010000000000003;0.10169491525423728
0.5020000000000003;0.10169491525423728
0.5030000000000003;0.10169491525423728
0.5040000000000003;0.10169491525423728
0.5050000000000003;0.10169491525423728
0.5060000000000003;0.10169491525423728
0.5070000000000003;0.10169491525423728
0.5080000000000003;0.10169491525423728
0.5090000000000003;0.10169491525423728
0.5100000000000003;0.10169491525423728
0.5110000000000003;0.10169491525423728
0.5120000000000003;0.10169491525423728
0.5130000000000003;0.10169491525423728
0.5140000000000003;0.10169491525423728
0.5150000000000003;0.10169491525423728
0.5160000000000003;0.10169491525423728
0.5170000000000003;0.10169491525423728
0.5180000000000003;0.10169491525423728
0.5190000000000003;0.10169491525423728
0.5200000000000004;0.10169491525423728
0.5210000000000004;0.10169491525423728
0.5220000000000004;0.10169491525423728
0.5230000000000004;0.10169491525423728
0.5240000000000004;0.10169491525423728
0.5250000000000004;0.0689655172413793
0.5260000000000004;0.0689655172413793
0.5270000000000004;0.0689655172413793
0.5280000000000004;0.0689655172413793
0.5290000000000004;0.0689655172413793
0.5300000000000004;0.0689655172413793
0.5310000000000004;0.0689655172413793
0.5320000000000004;0.0689655172413793
0.5330000000000004;0.0689655172413793
0.5340000000000004;0.0689655172413793
0.5350000000000004;0.0689655172413793
0.5360000000000004;0.0689655172413793
0.5370000000000004;0.0689655172413793
0.5380000000000004;0.0689655172413793
0.5390000000000004;0.0689655172413793
0.5400000000000004;0.0689655172413793
0.5410000000000004;0.0689655172413793
0.5420000000000004;0.03508771929824561
0.5430000000000004;0.03508771929824561
0.5440000000000004;0.03508771929824561
0.5450000000000004;0.03508771929824561
0.5460000000000004;0.03508771929824561
0.5470000000000004;0.03508771929824561
0.5480000000000004;0.03508771929824561
0.5490000000000004;0.0
0.5500000000000004;0.0
0.5510000000000004;0.0
0.5520000000000004;0.0
0.5530000000000004;0.0
0.5540000000000004;0.0
0.5550000000000004;0.0
0.5560000000000004;0.0
0.5570000000000004;0.0
0.5580000000000004;0.0
0.5590000000000004;0.0
0.5600000000000004;0.0
0.5610000000000004;0.0
0.5620000000000004;0.0
0.5630000000000004;0.0
0.5640000000000004;0.0
0.5650000000000004;0.0
0.5660000000000004;0.0
0.5670000000000004;0.0
0.5680000000000004;0.0
0.5690000000000004;0.0
0.5700000000000004;0.0
0.5710000000000004;0.0
0.5720000000000004;0.0
0.5730000000000004;0.0
0.5740000000000004;0.0
0.5750000000000004;0.0
0.5760000000000004;0.0
0.5770000000000004;0.0
0.5780000000000004;0.0
0.5790000000000004;0.0
0.5800000000000004;0.0
0.5810000000000004;0.0
0.5820000000000004;0.0
0.5830000000000004;0.0
0.5840000000000004;0.0
0.5850000000000004;0.0
0.5860000000000004;0.0
0.5870000000000004;0.0
0.5880000000000004;0.0
0.5890000000000004;0.0
0.5900000000000004;0.0
0.5910000000000004;0.0
0.5920000000000004;0.0
0.5930000000000004;0.0
0.5940000000000004;0.0
0.5950000000000004;0.0
0.5960000000000004;0.0
0.5970000000000004;0.0
0.5980000000000004;0.0
0.5990000000000004;0.0
0.6000000000000004;0.0
0.6010000000000004;0.0
0.6020000000000004;0.0
0.6030000000000004;0.0
0.6040000000000004;0.0
0.6050000000000004;0.0
0.6060000000000004;0.0
0.6070000000000004;0.0
0.6080000000000004;0.0
0.6090000000000004;0.0
0.6100000000000004;0.0
0.6110000000000004;0.0
0.6120000000000004;0.0
0.6130000000000004;0.0
0.6140000000000004;0.0
0.6150000000000004;0.0
0.6160000000000004;0.0
0.6170000000000004;0.0
0.6180000000000004;0.0
0.6190000000000004;0.0
0.6200000000000004;0.0
0.6210000000000004;0.0
0.6220000000000004;0.0
0.6230000000000004;0.0
0.6240000000000004;0.0
0.6250000000000004;0.0
0.6260000000000004;0.0
0.6270000000000004;0.0
0.6280000000000004;0.0
0.6290000000000004;0.0
0.6300000000000004;0.0
0.6310000000000004;0.0
0.6320000000000005;0.0
0.6330000000000005;0.0
0.6340000000000005;0.0
0.6350000000000005;0.0
0.6360000000000005;0.0
0.6370000000000005;0.0
0.6380000000000005;0.0
0.6390000000000005;0.0
0.6400000000000005;0.0
0.6410000000000005;0.0
0.6420000000000005;0.0
0.6430000000000005;0.0
0.6440000000000005;0.0
0.6450000000000005;0.0
0.6460000000000005;0.0
0.6470000000000005;0.0
0.6480000000000005;0.0
0.6490000000000005;0.0
0.6500000000000005;0.0
0.6510000000000005;0.0
0.6520000000000005;0.0
0.6530000000000005;0.0
0.6540000000000005;0.0
0.6550000000000005;0.0
0.6560000000000005;0.0
0.6570000000000005;0.0
0.6580000000000005;0.0
0.6590000000000005;0.0
0.6600000000000005;0.0
0.6610000000000005;0.0
0.6620000000000005;0.0
0.6630000000000005;0.0
0.6640000000000005;0.0
0.6650000000000005;0.0
0.6660000000000005;0.0
0.6670000000000005;0.0
0.6680000000000005;0.0
0.6690000000000005;0.0
0.6700000000000005;0.0
0.6710000000000005;0.0
0.6720000000000005;0.0
0.6730000000000005;0.0
0.6740000000000005;0.0
0.6750000000000005;0.0
0.6760000000000005;0.0
0.6770000000000005;0.0
0.6780000000000005;0.0
0.6790000000000005;0.0
0.6800000000000005;0.0
0.6810000000000005;0.0
0.6820000000000005;0.0
0.6830000000000005;0.0
0.6840000000000005;0.0
0.6850000000000005;0.0
0.6860000000000005;0.0
0.6870000000000005;0.0
0.6880000000000005;0.0
0.6890000000000005;0.0
0.6900000000000005;0.0
0.6910000000000005;0.0
0.6920000000000005;0.0
0.6930000000000005;0.0
0.6940000000000005;0.0
0.6950000000000005;0.0
0.6960000000000005;0.0
0.6970000000000005;0.0
0.6980000000000005;0.0
0.6990000000000005;0.0
0.7000000000000005;0.0
0.7010000000000005;0.0
0.7020000000000005;0.0
0.7030000000000005;0.0
0.7040000000000005;0.0
0.7050000000000005;0.0
0.7060000000000005;0.0
0.7070000000000005;0.0
0.7080000000000005;0.0
0.7090000000000005;0.0
0.7100000000000005;0.0
0.7110000000000005;0.0
0.7120000000000005;0.0
0.7130000000000005;0.0
0.7140000000000005;0.0
0.7150000000000005;0.0
0.7160000000000005;0.0
0.7170000000000005;0.0
0.7180000000000005;0.0
0.7190000000000005;0.0
0.7200000000000005;0.0
0.7210000000000005;0.0
0.7220000000000005;0.0
0.7230000000000005;0.0
0.7240000000000005;0.0
0.7250000000000005;0.0
0.7260000000000005;0.0
0.7270000000000005;0.0
0.7280000000000005;0.0
0.7290000000000005;0.0
0.7300000000000005;0.0
0.7310000000000005;0.0
0.7320000000000005;0.0
0.7330000000000005;0.0
0.7340000000000005;0.0
0.7350000000000005;0.0
0.7360000000000005;0.0
0.7370000000000005;0.0
0.7380000000000005;0.0
0.7390000000000005;0.0
0.7400000000000005;0.0
0.7410000000000005;0.0
0.7420000000000005;0.0
0.7430000000000005;0.0
0.7440000000000005;0.0
0.7450000000000006;0.0
0.7460000000000006;0.0
0.7470000000000006;0.0
0.7480000000000006;0.0
0.7490000000000006;0.0
0.7500000000000006;0.0
0.7510000000000006;0.0
0.7520000000000006;0.0
0.7530000000000006;0.0
0.7540000000000006;0.0
0.7550000000000006;0.0
0.7560000000000006;0.0
0.7570000000000006;0.0
0.7580000000000006;0.0
0.7590000000000006;0.0
0.7600000000000006;0.0
0.7610000000000006;0.0
0.7620000000000006;0.0
0.7630000000000006;0.0
0.7640000000000006;0.0
0.7650000000000006;0.0
0.7660000000000006;0.0
0.7670000000000006;0.0
0.7680000000000006;0.0
0.7690000000000006;0.0
0.7700000000000006;0.0
0.7710000000000006;0.0
0.7720000000000006;0.0
0.7730000000000006;0.0
0.7740000000000006;0.0
0.7750000000000006;0.0
0.7760000000000006;0.0
0.7770000000000006;0.0
0.7780000000000006;0.0
0.7790000000000006;0.0
0.7800000000000006;0.0
0.7810000000000006;0.0
0.7820000000000006;0.0
0.7830000000000006;0.0
0.7840000000000006;0.0
0.7850000000000006;0.0
0.7860000000000006;0.0
0.7870000000000006;0.0
0.7880000000000006;0.0
0.7890000000000006;0.0
0.7900000000000006;0.0
0.7910000000000006;0.0
0.7920000000000006;0.0
0.7930000000000006;0.0
0.7940000000000006;0.0
0.7950000000000006;0.0
0.7960000000000006;0.0
0.7970000000000006;0.0
0.7980000000000006;0.0
0.7990000000000006;0.0
0.8000000000000006;0.0
0.8010000000000006;0.0
0.8020000000000006;0.0
0.8030000000000006;0.0
0.8040000000000006;0.0
0.8050000000000006;0.0
0.8060000000000006;0.0
0.8070000000000006;0.0
0.8080000000000006;0.0
0.8090000000000006;0.0
0.8100000000000006;0.0
0.8110000000000006;0.0
0.8120000000000006;0.0
0.8130000000000006;0.0
0.8140000000000006;0.0
0.8150000000000006;0.0
0.8160000000000006;0.0
0.8170000000000006;0.0
0.8180000000000006;0.0
0.8190000000000006;0.0
0.8200000000000006;0.0
0.8210000000000006;0.0
0.8220000000000006;0.0
0.8230000000000006;0.0
0.8240000000000006;0.0
0.8250000000000006;0.0
0.8260000000000006;0.0
0.8270000000000006;0.0
0.8280000000000006;0.0
0.8290000000000006;0.0
0.8300000000000006;0.0
0.8310000000000006;0.0
0.8320000000000006;0.0
0.8330000000000006;0.0
0.8340000000000006;0.0
0.8350000000000006;0.0
0.8360000000000006;0.0
0.8370000000000006;0.0
0.8380000000000006;0.0
0.8390000000000006;0.0
0.8400000000000006;0.0
0.8410000000000006;0.0
0.8420000000000006;0.0
0.8430000000000006;0.0
0.8440000000000006;0.0
0.8450000000000006;0.0
0.8460000000000006;0.0
0.8470000000000006;0.0
0.8480000000000006;0.0
0.8490000000000006;0.0
0.8500000000000006;0.0
0.8510000000000006;0.0
0.8520000000000006;0.0
0.8530000000000006;0.0
0.8540000000000006;0.0
0.8550000000000006;0.0
0.8560000000000006;0.0
0.8570000000000007;0.0
0.8580000000000007;0.0
0.8590000000000007;0.0
0.8600000000000007;0.0
0.8610000000000007;0.0
0.8620000000000007;0.0
0.8630000000000007;0.0
0.8640000000000007;0.0
0.8650000000000007;0.0
0.8660000000000007;0.0
0.8670000000000007;0.0
0.8680000000000007;0.0
0.8690000000000007;0.0
0.8700000000000007;0.0
0.8710000000000007;0.0
0.8720000000000007;0.0
0.8730000000000007;0.0
0.8740000000000007;0.0
0.8750000000000007;0.0
0.8760000000000007;0.0
0.8770000000000007;0.0
0.8780000000000007;0.0
0.8790000000000007;0.0
0.8800000000000007;0.0
0.8810000000000007;0.0
0.8820000000000007;0.0
0.8830000000000007;0.0
0.8840000000000007;0.0
0.8850000000000007;0.0
0.8860000000000007;0.0
0.8870000000000007;0.0
0.8880000000000007;0.0
0.8890000000000007;0.0
0.8900000000000007;0.0
0.8910000000000007;0.0
0.8920000000000007;0.0
0.8930000000000007;0.0
0.8940000000000007;0.0
0.8950000000000007;0.0
0.8960000000000007;0.0
0.8970000000000007;0.0
0.8980000000000007;0.0
0.8990000000000007;0.0
0.9000000000000007;0.0
0.9010000000000007;0.0
0.9020000000000007;0.0
0.9030000000000007;0.0
0.9040000000000007;0.0
0.9050000000000007;0.0
0.9060000000000007;0.0
0.9070000000000007;0.0
0.9080000000000007;0.0
0.9090000000000007;0.0
0.9100000000000007;0.0
0.9110000000000007;0.0
0.9120000000000007;0.0
0.9130000000000007;0.0
0.9140000000000007;0.0
0.9150000000000007;0.0
0.9160000000000007;0.0
0.9170000000000007;0.0
0.9180000000000007;0.0
0.9190000000000007;0.0
0.9200000000000007;0.0
0.9210000000000007;0.0
0.9220000000000007;0.0
0.9230000000000007;0.0
0.9240000000000007;0.0
0.9250000000000007;0.0
0.9260000000000007;0.0
0.9270000000000007;0.0
0.9280000000000007;0.0
0.9290000000000007;0.0
0.9300000000000007;0.0
0.9310000000000007;0.0
0.9320000000000007;0.0
0.9330000000000007;0.0
0.9340000000000007;0.0
0.9350000000000007;0.0
0.9360000000000007;0.0
0.9370000000000007;0.0
0.9380000000000007;0.0
0.9390000000000007;0.0
0.9400000000000007;0.0
0.9410000000000007;0.0
0.9420000000000007;0.0
0.9430000000000007;0.0
0.9440000000000007;0.0
0.9450000000000007;0.0
0.9460000000000007;0.0
0.9470000000000007;0.0
0.9480000000000007;0.0
0.9490000000000007;0.0
0.9500000000000007;0.0
0.9510000000000007;0.0
0.9520000000000007;0.0
0.9530000000000007;0.0
0.9540000000000007;0.0
0.9550000000000007;0.0
0.9560000000000007;0.0
0.9570000000000007;0.0
0.9580000000000007;0.0
0.9590000000000007;0.0
0.9600000000000007;0.0
0.9610000000000007;0.0
0.9620000000000007;0.0
0.9630000000000007;0.0
0.9640000000000007;0.0
0.9650000000000007;0.0
0.9660000000000007;0.0
0.9670000000000007;0.0
0.9680000000000007;0.0
0.9690000000000007;0.0
0.9700000000000008;0.0
0.9710000000000008;0.0
0.9720000000000008;0.0
0.9730000000000008;0.0
0.9740000000000008;0.0
0.9750000000000008;0.0
0.9760000000000008;0.0
0.9770000000000008;0.0
0.9780000000000008;0.0
0.9790000000000008;0.0
0.9800000000000008;0.0
0.9810000000000008;0.0
0.9820000000000008;0.0
0.9830000000000008;0.0
0.9840000000000008;0.0
0.9850000000000008;0.0
0.9860000000000008;0.0
0.9870000000000008;0.0
0.9880000000000008;0.0
0.9890000000000008;0.0
0.9900000000000008;0.0
0.9910000000000008;0.0
0.9920000000000008;0.0
0.9930000000000008;0.0
0.9940000000000008;0.0
0.9950000000000008;0.0
0.9960000000000008;0.0
0.9970000000000008;0.0
0.9980000000000008;0.0
0.9990000000000008;0.0
